
MouseZoomFactor = 8 
MouseRotationUpDownFactor = -0.01333300024 
MouseRotationLeftRightFactor = 0.00999999978 

