
AnimLODInterleave2 = 800.00000000000 
AnimLODInterleave4 = 1200.00000000000 
LOD0DistanceMultiplier = 10.00000000000 
LOD1DistanceMultiplier = 10.00000000000 
SuspendDistanceMultiplier = 10.00000000000 
EnvMapDisableDistance = 500.00000000000 

